,Human,LLM,LLM cc,EasyOCR,EasyOCR cc,Pytesseract,Pytesseract cc,KerasOCR,KerasOCR cc
Human,0,1030,1048,1040,1052,1037,1049,1064,1066
LLM,1030,0,465,931,989,664,841,429,431
LLM cc,1048,465,0,932,996,664,844,473,472
EasyOCR,1040,931,932,0,928,907,925,920,923
EasyOCR cc,1052,989,996,928,0,980,994,989,988
Pytesseract,1037,664,664,907,980,0,771,639,641
Pytesseract cc,1049,841,844,925,994,771,0,824,826
KerasOCR,1064,429,473,920,989,639,824,0,292
KerasOCR cc,1066,431,472,923,988,641,826,292,0
