,Human,GPT4o,GPT4,GPT4 turbo,GPT3.5 turbo,EasyOCR,Pytesseract,KerasOCR
Human,0,148,215,202,214,252,252,255
GPT4o,148,0,326,305,338,383,384,388
GPT4,215,326,0,86,140,229,174,159
GPT4 turbo,202,305,86,0,117,231,188,189
GPT3.5 turbo,214,338,140,117,0,229,166,113
EasyOCR,252,383,229,231,229,0,228,227
Pytesseract,252,384,174,188,166,228,0,166
KerasOCR,255,388,159,189,113,227,166,0
