,Human,GPT4o,GPT4,GPT4 turbo,GPT3.5 turbo,EasyOCR,Pytesseract,KerasOCR
Human,0,3715,1714,1589,1577,1900,1891,1947
GPT4o,3715,0,3525,3456,3694,4005,3995,4044
GPT4,1714,3525,0,1248,1271,1669,1581,1623
GPT4 turbo,1589,3456,1248,0,1091,1659,1467,1509
GPT3.5 turbo,1577,3694,1271,1091,0,1645,1011,942
EasyOCR,1900,4005,1669,1659,1645,0,1611,1640
Pytesseract,1891,3995,1581,1467,1011,1611,0,994
KerasOCR,1947,4044,1623,1509,942,1640,994,0
