,Human,GPT4o,GPT4o mini,GPT4,GPT4 turbo,GPT3.5 turbo,EasyOCR,Pytesseract,KerasOCR
Human,0,2170,1676,2036,1696,2380,1879,1937,1924
GPT4o,2170,0,2133,2284,1956,2320,2457,2504,2495
GPT4o mini,1676,2133,0,1956,1599,2332,1888,1926,1915
GPT4,2036,2284,1956,0,1972,2395,2222,2265,2252
GPT4 turbo,1696,1956,1599,1972,0,2265,1924,1961,1955
GPT3.5 turbo,2380,2320,2332,2395,2265,0,2662,2708,2699
EasyOCR,1879,2457,1888,2222,1924,2662,0,1684,1640
Pytesseract,1937,2504,1926,2265,1961,2708,1684,0,715
KerasOCR,1924,2495,1915,2252,1955,2699,1640,715,0
