,Human,LLM,LLM cc,EasyOCR,EasyOCR cc,Pytesseract,Pytesseract cc,KerasOCR,KerasOCR cc
Human,0,281,294,292,295,289,297,299,299
LLM,281,0,77,252,274,138,174,103,104
LLM cc,294,77,0,252,276,139,176,103,104
EasyOCR,292,252,252,0,253,246,251,251,250
EasyOCR cc,295,274,276,253,0,269,275,273,275
Pytesseract,289,138,139,246,269,0,167,138,140
Pytesseract cc,297,174,176,251,275,167,0,173,173
KerasOCR,299,103,103,251,273,138,173,0,77
KerasOCR cc,299,104,104,250,275,140,173,77,0
