,Human,LLM,LLM cc,EasyOCR,EasyOCR cc,Pytesseract,Pytesseract cc,KerasOCR,KerasOCR cc
Human,0,328,325,332,338,324,338,343,344
LLM,328,0,250,270,284,271,278,279,279
LLM cc,325,250,0,257,283,161,198,133,133
EasyOCR,332,270,257,0,261,252,259,259,259
EasyOCR cc,338,284,283,261,0,277,284,286,284
Pytesseract,324,271,161,252,277,0,182,163,165
Pytesseract cc,338,278,198,259,284,182,0,200,199
KerasOCR,343,279,133,259,286,163,200,0,85
KerasOCR cc,344,279,133,259,284,165,199,85,0
