,Human,LLM,LLM cc,EasyOCR,EasyOCR cc,Pytesseract,Pytesseract cc,KerasOCR,KerasOCR cc
Human,0,291,280,296,295,286,295,302,305
LLM,291,0,122,238,239,189,282,115,126
LLM cc,280,122,0,238,238,187,276,135,135
EasyOCR,296,238,238,0,226,234,281,236,237
EasyOCR cc,295,239,238,226,0,237,278,236,236
Pytesseract,286,189,187,234,237,0,249,190,191
Pytesseract cc,295,282,276,281,278,249,0,284,285
KerasOCR,302,115,135,236,236,190,284,0,89
KerasOCR cc,305,126,135,237,236,191,285,89,0
