,Human,LLM,LLM cc,EasyOCR,EasyOCR cc,Pytesseract,Pytesseract cc,KerasOCR,KerasOCR cc
Human,0,297,279,296,300,286,313,302,303
LLM,297,0,248,249,272,249,315,252,252
LLM cc,279,248,0,237,268,186,309,115,139
EasyOCR,296,249,237,0,256,234,302,236,238
EasyOCR cc,300,272,268,256,0,265,306,268,267
Pytesseract,286,249,186,234,265,0,282,190,190
Pytesseract cc,313,315,309,302,306,282,0,312,309
KerasOCR,302,252,115,236,268,190,312,0,99
KerasOCR cc,303,252,139,238,267,190,309,99,0
