,Human,LLM,LLM cc,EasyOCR,EasyOCR cc,Pytesseract,Pytesseract cc
Human,0,275,299,294,293,283,284
LLM,275,0,302,257,260,151,130
LLM cc,299,302,0,305,305,308,306
EasyOCR,294,257,305,0,214,246,246
EasyOCR cc,293,260,305,214,0,248,248
Pytesseract,283,151,308,246,248,0,141
Pytesseract cc,284,130,306,246,248,141,0
