,Human,LLM,LLM cc,EasyOCR,EasyOCR cc,Pytesseract,Pytesseract cc,KerasOCR,KerasOCR cc
Human,0,237,245,251,250,251,276,254,256
LLM,237,0,222,232,236,170,275,113,113
LLM cc,245,222,0,235,235,237,276,238,238
EasyOCR,251,232,235,0,223,228,275,226,229
EasyOCR cc,250,236,235,223,0,235,275,233,233
Pytesseract,251,170,237,228,235,0,254,166,165
Pytesseract cc,276,275,276,275,275,254,0,269,271
KerasOCR,254,113,238,226,233,166,269,0,76
KerasOCR cc,256,113,238,229,233,165,271,76,0
