,Human,LLM,LLM cc,EasyOCR,EasyOCR cc,Pytesseract,Pytesseract cc
Human,0,287,287,322,323,324,317
LLM,287,0,145,307,310,213,203
LLM cc,287,145,0,310,313,207,197
EasyOCR,322,307,310,0,77,309,308
EasyOCR cc,323,310,313,77,0,312,312
Pytesseract,324,213,207,309,312,0,182
Pytesseract cc,317,203,197,308,312,182,0
