,Human,LLM,LLM cc,EasyOCR,EasyOCR cc,Pytesseract,Pytesseract cc,KerasOCR,KerasOCR cc
Human,0,288,296,292,295,289,297,299,299
LLM,288,0,184,251,272,142,178,140,140
LLM cc,296,184,0,255,277,184,184,184,184
EasyOCR,292,251,255,0,253,246,251,251,250
EasyOCR cc,295,272,277,253,0,269,275,273,275
Pytesseract,289,142,184,246,269,0,167,138,140
Pytesseract cc,297,178,184,251,275,167,0,173,173
KerasOCR,299,140,184,251,273,138,173,0,77
KerasOCR cc,299,140,184,250,275,140,173,77,0
