,Human,LLM,LLM cc,EasyOCR,EasyOCR cc,Pytesseract,Pytesseract cc,KerasOCR,KerasOCR cc
Human,0,249,308,251,250,251,276,254,256
LLM,249,0,304,233,235,214,275,216,216
LLM cc,308,304,0,310,308,311,310,312,312
EasyOCR,251,233,310,0,223,228,275,226,229
EasyOCR cc,250,235,308,223,0,235,275,233,233
Pytesseract,251,214,311,228,235,0,254,166,165
Pytesseract cc,276,275,310,275,275,254,0,269,271
KerasOCR,254,216,312,226,233,166,269,0,76
KerasOCR cc,256,216,312,229,233,165,271,76,0
